#6; 785904657260437504,1;
#bradpitt,; 785904706652516352,1;785904992859357188,1;
#brangelina; 785905619639406596,1;
#celebrity; 785904706652516352,1;785904992859357188,1;
#celebritygossip; 785905382254194689,1;
#imstillamazedthat; 785903160338452480,1;
#instagram; 785901962323570688,1;
#isis; 785903143372500994,1;
#louiszamperinis; 785903363548323840,1;
#lovinlee; 785901871688843264,1;
#naked; 785904286169300992,1;
#nude; 785904851087523840,1;
#sheffieldissuper; 785901871688843264,1;
#zone; 785904706652516352,1;785904992859357188,1;
&amp; 785901609800896512,1;785901700154621953,1;785902098273579008,1;785902426402398208,1;785902594136748032,1;785903086409691136,1;785903138842767360,1;785903552917016577,1;785904276690309120,1;785904473755484168,1;785904884658868224,1;785904932671094784,1;785905062983852032,1;785905087738675200,1;785905189714661376,1;785906052621533184,1;
/; 785905503285239808,1;
10,000; 785904324379574272,1;785905430241374208,1;785905939769503744,1;
12; 785904657260437504,1;
1986; 785904957446770688,1;
20,; 785903143372500994,1;
2005; 785904706652516352,1;785904992859357188,1;
@adsposts; 785902868427485184,1;785902868431720448,1;785902868490391554,1;785902868532371457,1;785902868536492032,1;785902868679176192,1;785902868863651840,1;785902872009412608,1;785902872017842177,1;785902872198197248,1;785902872273616896,1;785902872391143424,1;785902872399523846,1;785902872420462592,1;785902872428879872,1;785902872437268480,1;785902872458256385,1;785902872588197891,1;785902872642727936,1;785902872672083969,1;785902877436805120,1;785902877436841984,1;785902877608857600,1;785902877730451456,1;785902878321803264,1;785902878925860864,1;785902879047421952,1;785902881039798274,1;785902881052295169,1;785902881056567296,1;785902881060683776,1;785902881060761600,1;785902881077465089,1;785903011092574208,1;
@cancerareus; 785904957446770688,1;
@caradelevingne; 785901710053023744,1;785903531102437376,1;785903849840185344,1;785903948481822720,1;785904464280432640,1;785904529220964352,1;785904865302249472,1;785904930515222528,1;785905014791401473,1;785905141127929857,1;785905440739786753,1;785905852167446529,1;
@chilltunes838; 785905503285239808,1;
@fuggirls; 785905848237293569,1;
@gherbo; 785905189714661376,1;
@indmediagroup; 785901871688843264,1;
@lillianduhones; 785904992859357188,1;
@metrouk; 785905430241374208,1;785905939769503744,1;
@partisangirl; 785901609800896512,1;785901700154621953,1;785902098273579008,1;785902426402398208,1;785902594136748032,1;785903086409691136,1;785903138842767360,1;785903552917016577,1;785904276690309120,1;785904473755484168,1;785904884658868224,1;785904932671094784,1;785905062983852032,1;785905087738675200,1;785906052621533184,1;
@theinfong; 785905628413911040,1;
@theinfongmedia; 785905162170892288,1;785905740674375680,1;
@thevalmercado; 785902533416026112,1;
@todayinsyria; 785903143372500994,1;
academy; 785904957446770688,1;
admir; 785901710053023744,2;785903531102437376,2;785903849840185344,2;785903948481822720,2;785904464280432640,2;785904529220964352,2;785904865302249472,2;785904930515222528,2;785905014791401473,2;785905141127929857,2;785905440739786753,2;785905852167446529,2;
adult; 785904286169300992,1;
alleg; 785904725686300672,1;
also; 785901710053023744,1;785903531102437376,1;785903849840185344,1;785903948481822720,1;785904464280432640,1;785904529220964352,1;785904865302249472,1;785904930515222528,1;785905014791401473,1;785905141127929857,1;785905440739786753,1;785905852167446529,1;
amid; 785905447488356353,1;
angelin; 785901609800896512,1;785901700154621953,1;785901710053023744,1;785901793989451776,1;785901871688843264,1;785901962323570688,1;785902034084061184,1;785902098273579008,1;785902122713817089,1;785902123728801792,1;785902125083533312,1;785902309322596352,1;785902324862455808,1;785902426402398208,1;785902533416026112,1;785902594136748032,1;785902868427485184,1;785902868431720448,1;785902868490391554,1;785902868532371457,1;785902868536492032,1;785902868679176192,1;785902868863651840,1;785902872009412608,1;785902872017842177,1;785902872198197248,1;785902872273616896,1;785902872391143424,1;785902872399523846,1;785902872420462592,1;785902872428879872,1;785902872437268480,1;785902872458256385,1;785902872588197891,1;785902872642727936,1;785902872672083969,1;785902877436805120,1;785902877436841984,1;785902877608857600,1;785902877730451456,1;785902878321803264,1;785902878925860864,1;785902879047421952,1;785902881039798274,1;785902881052295169,1;785902881056567296,1;785902881060683776,1;785902881060761600,1;785902881077465089,1;785903011092574208,1;785903086409691136,1;785903138842767360,1;785903143372500994,1;785903160338452480,1;785903363548323840,1;785903531102437376,1;785903552917016577,1;785903849840185344,1;785903948481822720,1;785904276690309120,1;785904286169300992,1;785904324379574272,1;785904464280432640,1;785904473755484168,1;785904529220964352,1;785904657260437504,1;785904706652516352,1;785904725686300672,1;785904731961036800,1;785904851087523840,1;785904865302249472,1;785904884658868224,1;785904930515222528,1;785904932671094784,1;785904957446770688,1;785904992859357188,1;785905014791401473,1;785905062983852032,1;785905087738675200,1;785905141127929857,1;785905162170892288,1;785905189714661376,1;785905234023444480,1;785905372758355969,1;785905382254194689,1;785905430241374208,1;785905440739786753,1;785905503285239808,1;785905619639406596,1;785905628413911040,1;785905740674375680,1;785905848237293569,1;785905852167446529,1;785905939769503744,1;785906052621533184,1;
angy; 785903577193713664,1;
antar,; 785903143372500994,1;
anyon; 785901710053023744,1;785903531102437376,1;785903849840185344,1;785903948481822720,1;785904464280432640,1;785904529220964352,1;785904865302249472,1;785904930515222528,1;785905014791401473,1;785905141127929857,1;785905440739786753,1;785905852167446529,1;
apolog; 785902122713817089,1;785902123728801792,1;785902125083533312,1;785905372758355969,1;785905382254194689,1;785905503285239808,1;
as; 785903143372500994,1;
ass; 785905189714661376,1;
award; 785904957446770688,1;
basebal; 785904286169300992,1;
believ; 785902868427485184,1;785902868431720448,1;785902868490391554,1;785902868532371457,1;785902868536492032,1;785902868679176192,1;785902868863651840,1;785902872009412608,1;785902872017842177,1;785902872198197248,1;785902872273616896,1;785902872391143424,1;785902872399523846,1;785902872420462592,1;785902872428879872,1;785902872437268480,1;785902872458256385,1;785902872588197891,1;785902872642727936,1;785902872672083969,1;785902877436805120,1;785902877436841984,1;785902877608857600,1;785902877730451456,1;785902878321803264,1;785902878925860864,1;785902879047421952,1;785902881039798274,1;785902881052295169,1;785902881056567296,1;785902881060683776,1;785902881060761600,1;785902881077465089,1;785903011092574208,1;
blog; 785902309322596352,1;
blogger,; 785905162170892288,1;785905628413911040,1;785905740674375680,1;
brad; 785901793989451776,1;785902868427485184,1;785902868431720448,1;785902868490391554,1;785902868532371457,1;785902868536492032,1;785902868679176192,1;785902868863651840,1;785902872009412608,1;785902872017842177,1;785902872198197248,1;785902872273616896,1;785902872391143424,1;785902872399523846,1;785902872420462592,1;785902872428879872,1;785902872437268480,1;785902872458256385,1;785902872588197891,1;785902872642727936,1;785902872672083969,1;785902877436805120,1;785902877436841984,1;785902877608857600,1;785902877730451456,1;785902878321803264,1;785902878925860864,1;785902879047421952,1;785902881039798274,1;785902881052295169,1;785902881056567296,1;785902881060683776,1;785902881060761600,1;785902881077465089,1;785903011092574208,1;785903577193713664,1;785904324379574272,1;785904657260437504,1;785904725686300672,1;785904731961036800,1;785905234023444480,1;785905430241374208,1;785905939769503744,1;
bragelind; 785902309322596352,1;
brangelin; 785901793989451776,1;785901962323570688,1;
break; 785904731961036800,1;
brok; 785904731961036800,2;
buddh; 785901609800896512,1;785901700154621953,1;785902098273579008,1;785902426402398208,1;785902594136748032,1;785903086409691136,1;785903138842767360,1;785903552917016577,1;785904276690309120,1;785904473755484168,1;785904884658868224,1;785904932671094784,1;785905062983852032,1;785905087738675200,1;785906052621533184,1;
buy; 785904324379574272,1;785905430241374208,1;785905939769503744,1;
cal; 785903160338452480,1;
camp; 785904286169300992,1;
cant; 785905447488356353,1;
catch; 785905189714661376,1;
chang; 785904725686300672,1;
child,; 785901609800896512,1;785901700154621953,1;785902098273579008,1;785902426402398208,1;785902594136748032,1;785903086409691136,1;785903138842767360,1;785903552917016577,1;785904276690309120,1;785904473755484168,1;785904884658868224,1;785904932671094784,1;785905062983852032,1;785905087738675200,1;785906052621533184,1;
christian; 785901609800896512,1;785901700154621953,1;785902098273579008,1;785902426402398208,1;785902594136748032,1;785903086409691136,1;785903138842767360,1;785903552917016577,1;785904276690309120,1;785904473755484168,1;785904884658868224,1;785904932671094784,1;785905062983852032,1;785905087738675200,1;785906052621533184,1;
com; 785903577193713664,1;
cov; 785901962323570688,1;785904725686300672,1;
cris; 785905447488356353,1;
cry; 785904657260437504,1;
culturemap; 785902324862455808,1;
d*ck; 785905162170892288,1;785905628413911040,1;785905740674375680,1;
dad; 785904957446770688,1;
dam; 785905848237293569,1;
damn; 785902533416026112,1;
dar; 785904851087523840,1;
dazzl; 785902034084061184,1;785902324862455808,1;
died; 785903143372500994,1;
dimward; 785904731961036800,1;
divorc; 785902309322596352,1;785904725686300672,1;
doherty; 785905447488356353,1;
doing,; 785901609800896512,1;785901700154621953,1;785902098273579008,1;785902426402398208,1;785902594136748032,1;785903086409691136,1;785903138842767360,1;785903552917016577,1;785904276690309120,1;785904473755484168,1;785904884658868224,1;785904932671094784,1;785905062983852032,1;785905087738675200,1;785906052621533184,1;
drak; 785904731961036800,1;
dram; 785902868427485184,1;785902868431720448,1;785902868490391554,1;785902868532371457,1;785902868536492032,1;785902868679176192,1;785902868863651840,1;785902872009412608,1;785902872017842177,1;785902872198197248,1;785902872273616896,1;785902872391143424,1;785902872399523846,1;785902872420462592,1;785902872428879872,1;785902872437268480,1;785902872458256385,1;785902872588197891,1;785902872642727936,1;785902872672083969,1;785902877436805120,1;785902877436841984,1;785902877608857600,1;785902877730451456,1;785902878321803264,1;785902878925860864,1;785902879047421952,1;785902881039798274,1;785902881052295169,1;785902881056567296,1;785902881060683776,1;785902881060761600,1;785902881077465089,1;785903011092574208,1;
dub; 785903143372500994,1;
ebay; 785904324379574272,1;785905430241374208,1;785905939769503744,1;
endlessly,; 785901710053023744,1;785903531102437376,1;785903849840185344,1;785903948481822720,1;785904464280432640,1;785904529220964352,1;785904865302249472,1;785904930515222528,1;785905014791401473,1;785905141127929857,1;785905440739786753,1;785905852167446529,1;
expos; 785902122713817089,1;785902123728801792,1;785902125083533312,1;785905372758355969,1;785905503285239808,1;
fact; 785904657260437504,1;785905234023444480,1;
fam; 785905162170892288,1;785905628413911040,1;785905740674375680,1;
fee; 785902125083533312,1;
fight; 785903143372500994,1;
fin; 785905189714661376,1;
first; 785901793989451776,1;785902533416026112,1;
fuck; 785905189714661376,1;
got; 785901793989451776,1;
graph; 785904324379574272,1;785905430241374208,1;785905939769503744,1;
herman; 785902034084061184,1;785902324862455808,1;
hilton; 785901962323570688,1;785902122713817089,1;785902123728801792,1;785902125083533312,1;785904725686300672,1;785905162170892288,1;785905372758355969,1;785905382254194689,1;785905503285239808,1;785905619639406596,1;785905628413911040,1;785905740674375680,1;
hollywood; 785901793989451776,2;
hon; 785905848237293569,1;
hop; 785904731961036800,1;
houston; 785902324862455808,1;
htt; 785905162170892288,1;785905740674375680,1;
https; 785905503285239808,1;
ifycalex; 785902309322596352,1;
im; 785905189714661376,1;
instagram; 785901962323570688,1;
jessic; 785904706652516352,1;785904992859357188,1;
jolie,; 785904657260437504,1;785904706652516352,1;785904992859357188,1;
joly; 785901609800896512,1;785901700154621953,1;785901710053023744,1;785901793989451776,1;785901871688843264,1;785901962323570688,1;785902034084061184,1;785902098273579008,1;785902122713817089,1;785902123728801792,1;785902125083533312,1;785902309322596352,1;785902324862455808,1;785902426402398208,1;785902533416026112,1;785902594136748032,1;785902868427485184,1;785902868431720448,1;785902868490391554,1;785902868532371457,1;785902868536492032,1;785902868679176192,1;785902868863651840,1;785902872009412608,1;785902872017842177,1;785902872198197248,1;785902872273616896,1;785902872391143424,1;785902872399523846,1;785902872420462592,1;785902872428879872,1;785902872437268480,1;785902872458256385,1;785902872588197891,1;785902872642727936,1;785902872672083969,1;785902877436805120,1;785902877436841984,1;785902877608857600,1;785902877730451456,1;785902878321803264,1;785902878925860864,1;785902879047421952,1;785902881039798274,1;785902881052295169,1;785902881056567296,1;785902881060683776,1;785902881060761600,1;785902881077465089,1;785903011092574208,1;785903086409691136,1;785903138842767360,1;785903143372500994,1;785903160338452480,1;785903363548323840,1;785903531102437376,1;785903552917016577,1;785903849840185344,1;785903948481822720,1;785904276690309120,1;785904286169300992,1;785904324379574272,1;785904464280432640,1;785904473755484168,1;785904529220964352,1;785904725686300672,1;785904731961036800,1;785904851087523840,1;785904865302249472,1;785904884658868224,1;785904930515222528,1;785904932671094784,1;785904957446770688,1;785905014791401473,1;785905062983852032,1;785905087738675200,1;785905141127929857,1;785905162170892288,1;785905189714661376,1;785905234023444480,1;785905372758355969,1;785905382254194689,1;785905430241374208,1;785905440739786753,1;785905503285239808,1;785905619639406596,1;785905628413911040,1;785905740674375680,1;785905848237293569,1;785905852167446529,1;785905939769503744,1;785906052621533184,1;
jon; 785904957446770688,1;
kid; 785905234023444480,1;
kind; 785904731961036800,1;
knew; 785904657260437504,1;
kurd; 785903143372500994,1;
last; 785905848237293569,1;
lawsuit; 785902122713817089,1;785902123728801792,1;785902125083533312,1;785905372758355969,1;785905382254194689,1;785905503285239808,1;
lawy; 785905162170892288,1;785905628413911040,1;785905740674375680,1;
leg; 785902122713817089,1;785902123728801792,1;785902125083533312,1;785905372758355969,1;785905503285239808,1;
lik; 785901609800896512,1;785901700154621953,1;785902098273579008,1;785902426402398208,1;785902533416026112,1;785902594136748032,1;785903086409691136,1;785903138842767360,1;785903552917016577,1;785904276690309120,1;785904473755484168,1;785904884658868224,1;785904932671094784,1;785905062983852032,1;785905087738675200,1;785906052621533184,1;
liv; 785904851087523840,1;
look; 785905848237293569,1;
lov; 785902533416026112,1;
lunch; 785902034084061184,1;785902324862455808,1;
magazin; 785904706652516352,1;785904992859357188,1;
mak; 785904657260437504,1;
marth; 785904706652516352,1;785904992859357188,1;
mem; 785902034084061184,1;785902324862455808,1;
mom; 785901793989451776,1;
mov; 785901871688843264,1;
muslim; 785901609800896512,1;785901700154621953,1;785902098273579008,1;785902426402398208,1;785902594136748032,1;785903086409691136,1;785903138842767360,1;785903552917016577,1;785904276690309120,1;785904473755484168,1;785904884658868224,1;785904932671094784,1;785905062983852032,1;785905087738675200,1;785906052621533184,1;
neighb; 785901871688843264,1;
nev; 785901793989451776,1;785904657260437504,1;
new; 785902868427485184,1;785902868431720448,1;785902868490391554,1;785902868532371457,1;785902868536492032,1;785902868679176192,1;785902868863651840,1;785902872009412608,1;785902872017842177,1;785902872198197248,1;785902872273616896,1;785902872391143424,1;785902872399523846,1;785902872420462592,1;785902872428879872,1;785902872437268480,1;785902872458256385,1;785902872588197891,1;785902872642727936,1;785902872672083969,1;785902877436805120,1;785902877436841984,1;785902877608857600,1;785902877730451456,1;785902878321803264,1;785902878925860864,1;785902879047421952,1;785902881039798274,1;785902881052295169,1;785902881056567296,1;785902881060683776,1;785902881060761600,1;785902881077465089,1;785903011092574208,1;
nola/dmv; 785902125083533312,1;
nop; 785904731961036800,1;
nud; 785904324379574272,1;785905430241374208,1;785905939769503744,1;
origin; 785901793989451776,1;
outfit/hair/jewels; 785905848237293569,1;
pain; 785901710053023744,1;785903531102437376,1;785903849840185344,1;785903948481822720,1;785904464280432640,1;785904529220964352,1;785904865302249472,1;785904930515222528,1;785905014791401473,1;785905141127929857,1;785905852167446529,1;
peopl; 785904706652516352,1;785904992859357188,1;
perez; 785901962323570688,1;785902122713817089,1;785902123728801792,1;785902125083533312,1;785904725686300672,1;785905162170892288,1;785905372758355969,1;785905382254194689,1;785905503285239808,1;785905619639406596,1;785905628413911040,1;785905740674375680,1;
pit; 785901793989451776,1;785902868427485184,1;785902868431720448,1;785902868490391554,1;785902868532371457,1;785902868536492032,1;785902868679176192,1;785902868863651840,1;785902872009412608,1;785902872017842177,1;785902872198197248,1;785902872273616896,1;785902872391143424,1;785902872399523846,1;785902872420462592,1;785902872428879872,1;785902872437268480,1;785902872458256385,1;785902872588197891,1;785902872642727936,1;785902872672083969,1;785902877436805120,1;785902877436841984,1;785902877608857600,1;785902877730451456,1;785902878321803264,1;785902878925860864,1;785902879047421952,1;785902881039798274,1;785902881052295169,1;785902881056567296,1;785902881060683776,1;785902881060761600,1;785902881077465089,1;785903011092574208,1;785904324379574272,1;785904657260437504,1;785904731961036800,1;785905234023444480,1;785905430241374208,1;785905939769503744,1;
pow; 785901710053023744,1;785903531102437376,1;785903849840185344,1;785903948481822720,1;785904464280432640,1;785904529220964352,1;785904865302249472,1;785904930515222528,1;785905014791401473,1;785905141127929857,1;785905852167446529,1;
priv; 785901871688843264,1;
publ; 785904851087523840,1;
queen; 785905848237293569,1;
quick; 785902533416026112,1;
ramaz; 785903143372500994,1;
razzl; 785902034084061184,1;785902324862455808,1;
receiv; 785905848237293569,1;
rir; 785904731961036800,1;
rt; 785901609800896512,1;785901700154621953,1;785901710053023744,1;785901871688843264,1;785902098273579008,1;785902426402398208,1;785902594136748032,1;785902868427485184,1;785902868431720448,1;785902868490391554,1;785902868532371457,1;785902868536492032,1;785902868679176192,1;785902868863651840,1;785902872009412608,1;785902872017842177,1;785902872198197248,1;785902872273616896,1;785902872391143424,1;785902872399523846,1;785902872420462592,1;785902872428879872,1;785902872437268480,1;785902872458256385,1;785902872588197891,1;785902872642727936,1;785902872672083969,1;785902877436805120,1;785902877436841984,1;785902877608857600,1;785902877730451456,1;785902878321803264,1;785902878925860864,1;785902879047421952,1;785902881039798274,1;785902881052295169,1;785902881056567296,1;785902881060683776,1;785902881060761600,1;785902881077465089,1;785903011092574208,1;785903086409691136,1;785903138842767360,1;785903143372500994,1;785903531102437376,1;785903552917016577,1;785903849840185344,1;785903948481822720,1;785904276690309120,1;785904464280432640,1;785904473755484168,1;785904529220964352,1;785904865302249472,1;785904884658868224,1;785904930515222528,1;785904932671094784,1;785904957446770688,1;785904992859357188,1;785905014791401473,1;785905062983852032,1;785905087738675200,1;785905141127929857,1;785905162170892288,1;785905189714661376,1;785905430241374208,1;785905503285239808,1;785905628413911040,1;785905740674375680,1;785905852167446529,1;785905939769503744,1;785906052621533184,1;
saw; 785902533416026112,1;
scen; 785904851087523840,1;
sec; 785902533416026112,1;
sex; 785904851087523840,1;
shan; 785905447488356353,1;
shar; 785901962323570688,1;
simil; 785905848237293569,1;
simpson; 785904706652516352,1;785904992859357188,1;
sit; 785904725686300672,1;
son; 785901609800896512,1;785901700154621953,1;785902098273579008,1;785902426402398208,1;785902594136748032,1;785903086409691136,1;785903138842767360,1;785903552917016577,1;785904276690309120,1;785904473755484168,1;785904884658868224,1;785904932671094784,1;785905062983852032,1;785905087738675200,1;785906052621533184,1;
split; 785902868427485184,1;785902868431720448,1;785902868490391554,1;785902868532371457,1;785902868536492032,1;785902868679176192,1;785902868863651840,1;785902872009412608,1;785902872017842177,1;785902872198197248,1;785902872273616896,1;785902872391143424,1;785902872399523846,1;785902872420462592,1;785902872428879872,1;785902872437268480,1;785902872458256385,1;785902872588197891,1;785902872642727936,1;785902872672083969,1;785902877436805120,1;785902877436841984,1;785902877608857600,1;785902877730451456,1;785902878321803264,1;785902878925860864,1;785902879047421952,1;785902881039798274,1;785902881052295169,1;785902881056567296,1;785902881060683776,1;785902881060761600,1;785902881077465089,1;785903011092574208,1;
statu; 785904324379574272,1;785905430241374208,1;785905939769503744,1;
step; 785902868427485184,1;785902868431720448,1;785902868490391554,1;785902868532371457,1;785902868536492032,1;785902868679176192,1;785902868863651840,1;785902872009412608,1;785902872017842177,1;785902872198197248,1;785902872273616896,1;785902872391143424,1;785902872399523846,1;785902872420462592,1;785902872428879872,1;785902872437268480,1;785902872458256385,1;785902872588197891,1;785902872642727936,1;785902872672083969,1;785902877436805120,1;785902877436841984,1;785902877608857600,1;785902877730451456,1;785902878321803264,1;785902878925860864,1;785902879047421952,1;785902881039798274,1;785902881052295169,1;785902881056567296,1;785902881060683776,1;785902881060761600,1;785902881077465089,1;785903011092574208,1;785904957446770688,1;
stewart,; 785904706652516352,1;785904992859357188,1;
stil; 785904731961036800,1;
story; 785903363548323840,1;
stuff; 785901793989451776,1;
su; 785902309322596352,1;
suck; 785905162170892288,1;785905628413911040,1;785905740674375680,1;
sue; 785901962323570688,1;785905162170892288,1;785905619639406596,1;785905628413911040,1;785905740674375680,1;
suing; 785904725686300672,1;
surv; 785903363548323840,1;
tak; 785902868427485184,1;785902868431720448,1;785902868490391554,1;785902868532371457,1;785902868536492032,1;785902868679176192,1;785902868863651840,1;785902872009412608,1;785902872017842177,1;785902872198197248,1;785902872273616896,1;785902872391143424,1;785902872399523846,1;785902872420462592,1;785902872428879872,1;785902872437268480,1;785902872458256385,1;785902872588197891,1;785902872642727936,1;785902872672083969,1;785902877436805120,1;785902877436841984,1;785902877608857600,1;785902877730451456,1;785902878321803264,1;785902878925860864,1;785902879047421952,1;785902881039798274,1;785902881052295169,1;785902881056567296,1;785902881060683776,1;785902881060761600,1;785902881077465089,1;785903011092574208,1;785904851087523840,1;
team; 785902122713817089,1;785902123728801792,1;785902125083533312,1;785905372758355969,1;785905503285239808,1;
tel; 785905162170892288,1;785905628413911040,1;785905740674375680,1;
term; 785903577193713664,1;
thank; 785902034084061184,1;785902324862455808,1;
think; 785901609800896512,1;785901700154621953,1;785902098273579008,1;785902426402398208,1;785902594136748032,1;785903086409691136,1;785903138842767360,1;785903552917016577,1;785904276690309120,1;785904473755484168,1;785904884658868224,1;785904932671094784,1;785905062983852032,1;785905087738675200,1;785906052621533184,1;
thought; 785902533416026112,1;
threatened; 785905162170892288,1;785905628413911040,1;785905740674375680,1;
threatening; 785902122713817089,1;785902123728801792,1;785905372758355969,1;785905503285239808,1;
threatens; 785902309322596352,1;785905619639406596,1;
threats; 785902122713817089,1;785902123728801792,1;785902125083533312,1;785905372758355969,1;785905382254194689,1;785905503285239808,1;
told; 785901793989451776,1;
transf; 785905440739786753,1;
transform; 785901710053023744,1;785903531102437376,1;785903849840185344,1;785903948481822720,1;785904464280432640,1;785904529220964352,1;785904865302249472,1;785904930515222528,1;785905014791401473,1;785905141127929857,1;785905852167446529,1;
two; 785904731961036800,1;
unbrok; 785903363548323840,1;
v; 785905848237293569,1;
val; 785902533416026112,1;
video; 785904286169300992,1;
voight,; 785904957446770688,1;
wak; 785902868427485184,1;785902868431720448,1;785902868490391554,1;785902868532371457,1;785902868536492032,1;785902868679176192,1;785902868863651840,1;785902872009412608,1;785902872017842177,1;785902872198197248,1;785902872273616896,1;785902872391143424,1;785902872399523846,1;785902872420462592,1;785902872428879872,1;785902872437268480,1;785902872458256385,1;785902872588197891,1;785902872642727936,1;785902872672083969,1;785902877436805120,1;785902877436841984,1;785902877608857600,1;785902877730451456,1;785902878321803264,1;785902878925860864,1;785902879047421952,1;785902881039798274,1;785902881052295169,1;785902881056567296,1;785902881060683776,1;785902881060761600,1;785902881077465089,1;785903011092574208,1;
wann; 785905189714661376,1;
want; 785901962323570688,1;
weird; 785905234023444480,1;
wor; 785905848237293569,1;
world; 785901871688843264,1;
year; 785905848237293569,1;
yet; 785903160338452480,1;
young; 785904957446770688,1;
